test <- 3

cocci <- c(3,3,3,3,3)
